,symboling,normalized-losses,make,body-style,drive-wheels,engine-location,wheel-base,length,width,height,curb-weight,engine-type,num-of-cylinders,engine-size,fuel-system,bore,stroke,compression-ratio,horsepower,peak-rpm,city-mpg,highway-mpg,price,city-L/100km,highway-L/100km,norm_length,norm_height,norm_width,doors_four,doors_two,diesel,gas,aspiration-std,aspiration-turbo
0,3,122.0,alfa-romero,convertible,rwd,front,88.6,168.8,64.1,48.8,2548,dohc,four,130,mpfi,3.47,2.68,9.0,111.0,5000.0,21,27,13495,11.200714285714286,8.711666666666666,0.8111484863046613,0.8160535117056856,0.8902777777777777,0,1,0,1,1,0
1,3,122.0,alfa-romero,convertible,rwd,front,88.6,168.8,64.1,48.8,2548,dohc,four,130,mpfi,3.47,2.68,9.0,111.0,5000.0,21,27,16500,11.200714285714286,8.711666666666666,0.8111484863046613,0.8160535117056856,0.8902777777777777,0,1,0,1,1,0
2,1,122.0,alfa-romero,hatchback,rwd,front,94.5,171.2,65.5,52.4,2823,ohcv,six,152,mpfi,2.68,3.47,9.0,154.0,5000.0,19,26,16500,12.379736842105263,9.04673076923077,0.8226814031715521,0.8762541806020067,0.9097222222222222,0,1,0,1,1,0
3,2,164,audi,sedan,fwd,front,99.8,176.6,66.2,54.3,2337,ohc,four,109,mpfi,3.19,3.4,10.0,102.0,5500.0,24,30,13950,9.800625,7.8405000000000005,0.8486304661220567,0.9080267558528428,0.9194444444444445,1,0,0,1,1,0
4,2,164,audi,sedan,4wd,front,99.4,176.6,66.4,54.3,2824,ohc,five,136,mpfi,3.19,3.4,8.0,115.0,5500.0,18,22,17450,13.0675,10.691590909090909,0.8486304661220567,0.9080267558528428,0.9222222222222223,1,0,0,1,1,0
5,2,122.0,audi,sedan,fwd,front,99.8,177.3,66.3,53.1,2507,ohc,five,136,mpfi,3.19,3.4,8.5,110.0,5500.0,19,25,15250,12.379736842105263,9.4086,0.8519942335415667,0.8879598662207359,0.9208333333333333,0,1,0,1,1,0
6,1,158,audi,sedan,fwd,front,105.8,192.7,71.4,55.7,2844,ohc,five,136,mpfi,3.19,3.4,8.5,110.0,5500.0,19,25,17710,12.379736842105263,9.4086,0.9259971167707832,0.931438127090301,0.9916666666666667,1,0,0,1,1,0
7,1,122.0,audi,wagon,fwd,front,105.8,192.7,71.4,55.7,2954,ohc,five,136,mpfi,3.19,3.4,8.5,110.0,5500.0,19,25,18920,12.379736842105263,9.4086,0.9259971167707832,0.931438127090301,0.9916666666666667,1,0,0,1,1,0
8,1,158,audi,sedan,fwd,front,105.8,192.7,71.4,55.9,3086,ohc,five,131,mpfi,3.13,3.4,8.3,140.0,5500.0,17,20,23875,13.836176470588235,11.76075,0.9259971167707832,0.9347826086956522,0.9916666666666667,1,0,0,1,0,1
9,2,192,bmw,sedan,rwd,front,101.2,176.8,64.8,54.3,2395,ohc,four,108,mpfi,3.5,2.8,8.8,101.0,5800.0,23,29,16430,10.226739130434783,8.110862068965517,0.849591542527631,0.9080267558528428,0.8999999999999999,0,1,0,1,1,0
10,0,192,bmw,sedan,rwd,front,101.2,176.8,64.8,54.3,2395,ohc,four,108,mpfi,3.5,2.8,8.8,101.0,5800.0,23,29,16925,10.226739130434783,8.110862068965517,0.849591542527631,0.9080267558528428,0.8999999999999999,1,0,0,1,1,0
11,0,188,bmw,sedan,rwd,front,101.2,176.8,64.8,54.3,2710,ohc,six,164,mpfi,3.31,3.19,9.0,121.0,4250.0,21,28,20970,11.200714285714286,8.400535714285715,0.849591542527631,0.9080267558528428,0.8999999999999999,0,1,0,1,1,0
12,0,188,bmw,sedan,rwd,front,101.2,176.8,64.8,54.3,2765,ohc,six,164,mpfi,3.31,3.19,9.0,121.0,4250.0,21,28,21105,11.200714285714286,8.400535714285715,0.849591542527631,0.9080267558528428,0.8999999999999999,1,0,0,1,1,0
13,1,122.0,bmw,sedan,rwd,front,103.5,189.0,66.9,55.7,3055,ohc,six,164,mpfi,3.31,3.19,9.0,121.0,4250.0,20,25,24565,11.76075,9.4086,0.9082172032676598,0.931438127090301,0.9291666666666667,1,0,0,1,1,0
14,0,122.0,bmw,sedan,rwd,front,103.5,189.0,66.9,55.7,3230,ohc,six,209,mpfi,3.62,3.39,8.0,182.0,5400.0,16,22,30760,14.7009375,10.691590909090909,0.9082172032676598,0.931438127090301,0.9291666666666667,1,0,0,1,1,0
15,0,122.0,bmw,sedan,rwd,front,103.5,193.8,67.9,53.7,3380,ohc,six,209,mpfi,3.62,3.39,8.0,182.0,5400.0,16,22,41315,14.7009375,10.691590909090909,0.9312830370014417,0.8979933110367894,0.9430555555555556,0,1,0,1,1,0
16,0,122.0,bmw,sedan,rwd,front,110.0,197.0,70.9,56.3,3505,ohc,six,209,mpfi,3.62,3.39,8.0,182.0,5400.0,15,20,36880,15.681000000000001,11.76075,0.9466602594906295,0.9414715719063546,0.9847222222222223,1,0,0,1,1,0
17,2,121,chevrolet,hatchback,fwd,front,88.4,141.1,60.3,53.2,1488,l,three,61,2bbl,2.91,3.03,9.5,48.0,5100.0,47,53,5151,5.0045744680851065,4.438018867924528,0.6780394041326285,0.8896321070234114,0.8374999999999999,0,1,0,1,1,0
18,1,98,chevrolet,hatchback,fwd,front,94.5,155.9,63.6,52.0,1874,ohc,four,90,2bbl,3.03,3.11,9.6,70.0,5400.0,38,43,6295,6.189868421052632,5.470116279069767,0.7491590581451226,0.8695652173913044,0.8833333333333333,0,1,0,1,1,0
19,0,81,chevrolet,sedan,fwd,front,94.5,158.8,63.6,52.0,1909,ohc,four,90,2bbl,3.03,3.11,9.6,70.0,5400.0,38,43,6575,6.189868421052632,5.470116279069767,0.7630946660259491,0.8695652173913044,0.8833333333333333,1,0,0,1,1,0
20,1,118,dodge,hatchback,fwd,front,93.7,157.3,63.8,50.8,1876,ohc,four,90,2bbl,2.97,3.23,9.41,68.0,5500.0,37,41,5572,6.357162162162163,5.736951219512195,0.7558865929841423,0.8494983277591973,0.8861111111111111,0,1,0,1,1,0
21,1,118,dodge,hatchback,fwd,front,93.7,157.3,63.8,50.8,1876,ohc,four,90,2bbl,2.97,3.23,9.4,68.0,5500.0,31,38,6377,7.587580645161291,6.189868421052632,0.7558865929841423,0.8494983277591973,0.8861111111111111,0,1,0,1,1,0
22,1,118,dodge,hatchback,fwd,front,93.7,157.3,63.8,50.8,2128,ohc,four,98,mpfi,3.03,3.39,7.6,102.0,5500.0,24,30,7957,9.800625,7.8405000000000005,0.7558865929841423,0.8494983277591973,0.8861111111111111,0,1,0,1,0,1
23,1,148,dodge,hatchback,fwd,front,93.7,157.3,63.8,50.6,1967,ohc,four,90,2bbl,2.97,3.23,9.4,68.0,5500.0,31,38,6229,7.587580645161291,6.189868421052632,0.7558865929841423,0.8461538461538463,0.8861111111111111,1,0,0,1,1,0
24,1,148,dodge,sedan,fwd,front,93.7,157.3,63.8,50.6,1989,ohc,four,90,2bbl,2.97,3.23,9.4,68.0,5500.0,31,38,6692,7.587580645161291,6.189868421052632,0.7558865929841423,0.8461538461538463,0.8861111111111111,1,0,0,1,1,0
25,1,148,dodge,sedan,fwd,front,93.7,157.3,63.8,50.6,1989,ohc,four,90,2bbl,2.97,3.23,9.4,68.0,5500.0,31,38,7609,7.587580645161291,6.189868421052632,0.7558865929841423,0.8461538461538463,0.8861111111111111,1,0,0,1,1,0
26,1,148,dodge,sedan,fwd,front,93.7,157.3,63.8,50.6,2191,ohc,four,98,mpfi,3.03,3.39,7.6,102.0,5500.0,24,30,8558,9.800625,7.8405000000000005,0.7558865929841423,0.8461538461538463,0.8861111111111111,1,0,0,1,0,1
27,-1,110,dodge,wagon,fwd,front,103.3,174.6,64.6,59.8,2535,ohc,four,122,2bbl,3.34,3.46,8.5,88.0,5000.0,24,30,8921,9.800625,7.8405000000000005,0.8390197020663143,1.0,0.8972222222222221,1,0,0,1,1,0
28,3,145,dodge,hatchback,fwd,front,95.9,173.2,66.3,50.2,2811,ohc,four,156,mfi,3.6,3.9,7.0,145.0,5000.0,19,24,12964,12.379736842105263,9.800625,0.8322921672272945,0.8394648829431439,0.9208333333333333,0,1,0,1,0,1
29,2,137,honda,hatchback,fwd,front,86.6,144.6,63.9,50.8,1713,ohc,four,92,1bbl,2.91,3.41,9.6,58.0,4800.0,49,54,6479,4.80030612244898,4.355833333333333,0.6948582412301778,0.8494983277591973,0.8875,0,1,0,1,1,0
30,2,137,honda,hatchback,fwd,front,86.6,144.6,63.9,50.8,1819,ohc,four,92,1bbl,2.91,3.41,9.2,76.0,6000.0,31,38,6855,7.587580645161291,6.189868421052632,0.6948582412301778,0.8494983277591973,0.8875,0,1,0,1,1,0
31,1,101,honda,hatchback,fwd,front,93.7,150.0,64.0,52.6,1837,ohc,four,79,1bbl,2.91,3.07,10.1,60.0,5500.0,38,42,5399,6.189868421052632,5.600357142857143,0.7208073041806824,0.8795986622073579,0.8888888888888888,0,1,0,1,1,0
32,1,101,honda,hatchback,fwd,front,93.7,150.0,64.0,52.6,1940,ohc,four,92,1bbl,2.91,3.41,9.2,76.0,6000.0,30,34,6529,7.8405000000000005,6.9180882352941175,0.7208073041806824,0.8795986622073579,0.8888888888888888,0,1,0,1,1,0
33,1,101,honda,hatchback,fwd,front,93.7,150.0,64.0,52.6,1956,ohc,four,92,1bbl,2.91,3.41,9.2,76.0,6000.0,30,34,7129,7.8405000000000005,6.9180882352941175,0.7208073041806824,0.8795986622073579,0.8888888888888888,0,1,0,1,1,0
34,0,110,honda,sedan,fwd,front,96.5,163.4,64.0,54.5,2010,ohc,four,92,1bbl,2.91,3.41,9.2,76.0,6000.0,30,34,7295,7.8405000000000005,6.9180882352941175,0.7851994233541567,0.911371237458194,0.8888888888888888,1,0,0,1,1,0
35,0,78,honda,wagon,fwd,front,96.5,157.1,63.9,58.3,2024,ohc,four,92,1bbl,2.92,3.41,9.2,76.0,6000.0,30,34,7295,7.8405000000000005,6.9180882352941175,0.754925516578568,0.9749163879598662,0.8875,1,0,0,1,1,0
36,0,106,honda,hatchback,fwd,front,96.5,167.5,65.2,53.3,2236,ohc,four,110,1bbl,3.15,3.58,9.0,86.0,5800.0,27,33,7895,8.711666666666666,7.127727272727273,0.8049014896684287,0.8913043478260869,0.9055555555555556,0,1,0,1,1,0
37,0,106,honda,hatchback,fwd,front,96.5,167.5,65.2,53.3,2289,ohc,four,110,1bbl,3.15,3.58,9.0,86.0,5800.0,27,33,9095,8.711666666666666,7.127727272727273,0.8049014896684287,0.8913043478260869,0.9055555555555556,0,1,0,1,1,0
38,0,85,honda,sedan,fwd,front,96.5,175.4,65.2,54.1,2304,ohc,four,110,1bbl,3.15,3.58,9.0,86.0,5800.0,27,33,8845,8.711666666666666,7.127727272727273,0.8428640076886112,0.9046822742474917,0.9055555555555556,1,0,0,1,1,0
39,0,85,honda,sedan,fwd,front,96.5,175.4,62.5,54.1,2372,ohc,four,110,1bbl,3.15,3.58,9.0,86.0,5800.0,27,33,10295,8.711666666666666,7.127727272727273,0.8428640076886112,0.9046822742474917,0.8680555555555556,1,0,0,1,1,0
40,0,85,honda,sedan,fwd,front,96.5,175.4,65.2,54.1,2465,ohc,four,110,mpfi,3.15,3.58,9.0,101.0,5800.0,24,28,12945,9.800625,8.400535714285715,0.8428640076886112,0.9046822742474917,0.9055555555555556,1,0,0,1,1,0
41,1,107,honda,sedan,fwd,front,96.5,169.1,66.0,51.0,2293,ohc,four,110,2bbl,3.15,3.58,9.1,100.0,5500.0,25,31,10345,9.4086,7.587580645161291,0.8125901009130225,0.8528428093645485,0.9166666666666666,0,1,0,1,1,0
42,0,122.0,isuzu,sedan,rwd,front,94.3,170.7,61.8,53.5,2337,ohc,four,111,2bbl,3.31,3.23,8.5,78.0,4800.0,24,29,6785,9.800625,8.110862068965517,0.8202787121576165,0.8946488294314382,0.8583333333333333,1,0,0,1,1,0
43,2,122.0,isuzu,hatchback,rwd,front,96.0,172.6,65.2,51.4,2734,ohc,four,119,spfi,3.43,3.23,9.2,90.0,5000.0,24,29,11048,9.800625,8.110862068965517,0.8294089380105718,0.8595317725752508,0.9055555555555556,0,1,0,1,1,0
44,0,145,jaguar,sedan,rwd,front,113.0,199.6,69.6,52.8,4066,dohc,six,258,mpfi,3.63,4.17,8.1,176.0,4750.0,15,19,32250,15.681000000000001,12.379736842105263,0.9591542527630946,0.882943143812709,0.9666666666666666,1,0,0,1,1,0
45,0,122.0,jaguar,sedan,rwd,front,113.0,199.6,69.6,52.8,4066,dohc,six,258,mpfi,3.63,4.17,8.1,176.0,4750.0,15,19,35550,15.681000000000001,12.379736842105263,0.9591542527630946,0.882943143812709,0.9666666666666666,1,0,0,1,1,0
46,0,122.0,jaguar,sedan,rwd,front,102.0,191.7,70.6,47.8,3950,ohcv,twelve,326,mpfi,3.54,2.76,11.5,262.0,5000.0,13,17,36000,18.09346153846154,13.836176470588235,0.921191734742912,0.7993311036789298,0.9805555555555555,0,1,0,1,1,0
47,1,104,mazda,hatchback,fwd,front,93.1,159.1,64.2,54.1,1890,ohc,four,91,2bbl,3.03,3.15,9.0,68.0,5000.0,30,31,5195,7.8405000000000005,7.587580645161291,0.7645362806343105,0.9046822742474917,0.8916666666666667,0,1,0,1,1,0
48,1,104,mazda,hatchback,fwd,front,93.1,159.1,64.2,54.1,1900,ohc,four,91,2bbl,3.03,3.15,9.0,68.0,5000.0,31,38,6095,7.587580645161291,6.189868421052632,0.7645362806343105,0.9046822742474917,0.8916666666666667,0,1,0,1,1,0
49,1,104,mazda,hatchback,fwd,front,93.1,159.1,64.2,54.1,1905,ohc,four,91,2bbl,3.03,3.15,9.0,68.0,5000.0,31,38,6795,7.587580645161291,6.189868421052632,0.7645362806343105,0.9046822742474917,0.8916666666666667,0,1,0,1,1,0
50,1,113,mazda,sedan,fwd,front,93.1,166.8,64.2,54.1,1945,ohc,four,91,2bbl,3.03,3.15,9.0,68.0,5000.0,31,38,6695,7.587580645161291,6.189868421052632,0.8015377222489188,0.9046822742474917,0.8916666666666667,1,0,0,1,1,0
51,1,113,mazda,sedan,fwd,front,93.1,166.8,64.2,54.1,1950,ohc,four,91,2bbl,3.08,3.15,9.0,68.0,5000.0,31,38,7395,7.587580645161291,6.189868421052632,0.8015377222489188,0.9046822742474917,0.8916666666666667,1,0,0,1,1,0
52,3,150,mazda,hatchback,rwd,front,95.3,169.0,65.7,49.6,2380,rotor,two,70,4bbl,3.3297512437810957,3.2554228855721337,9.4,101.0,6000.0,17,23,10945,13.836176470588235,10.226739130434783,0.8121095627102355,0.8294314381270904,0.9125000000000001,0,1,0,1,1,0
53,3,150,mazda,hatchback,rwd,front,95.3,169.0,65.7,49.6,2380,rotor,two,70,4bbl,3.3297512437810957,3.2554228855721337,9.4,101.0,6000.0,17,23,11845,13.836176470588235,10.226739130434783,0.8121095627102355,0.8294314381270904,0.9125000000000001,0,1,0,1,1,0
54,3,150,mazda,hatchback,rwd,front,95.3,169.0,65.7,49.6,2385,rotor,two,70,4bbl,3.3297512437810957,3.2554228855721337,9.4,101.0,6000.0,17,23,13645,13.836176470588235,10.226739130434783,0.8121095627102355,0.8294314381270904,0.9125000000000001,0,1,0,1,1,0
55,3,150,mazda,hatchback,rwd,front,95.3,169.0,65.7,49.6,2500,rotor,two,80,mpfi,3.3297512437810957,3.2554228855721337,9.4,135.0,6000.0,16,23,15645,14.7009375,10.226739130434783,0.8121095627102355,0.8294314381270904,0.9125000000000001,0,1,0,1,1,0
56,1,129,mazda,hatchback,fwd,front,98.8,177.8,66.5,53.7,2385,ohc,four,122,2bbl,3.39,3.39,8.6,84.0,4800.0,26,32,8845,9.04673076923077,7.35046875,0.8543969245555022,0.8979933110367894,0.9236111111111112,0,1,0,1,1,0
57,0,115,mazda,sedan,fwd,front,98.8,177.8,66.5,55.5,2410,ohc,four,122,2bbl,3.39,3.39,8.6,84.0,4800.0,26,32,8495,9.04673076923077,7.35046875,0.8543969245555022,0.9280936454849499,0.9236111111111112,1,0,0,1,1,0
58,1,129,mazda,hatchback,fwd,front,98.8,177.8,66.5,53.7,2385,ohc,four,122,2bbl,3.39,3.39,8.6,84.0,4800.0,26,32,10595,9.04673076923077,7.35046875,0.8543969245555022,0.8979933110367894,0.9236111111111112,0,1,0,1,1,0
59,0,115,mazda,sedan,fwd,front,98.8,177.8,66.5,55.5,2410,ohc,four,122,2bbl,3.39,3.39,8.6,84.0,4800.0,26,32,10245,9.04673076923077,7.35046875,0.8543969245555022,0.9280936454849499,0.9236111111111112,1,0,0,1,1,0
60,0,122.0,mazda,sedan,fwd,front,98.8,177.8,66.5,55.5,2443,ohc,four,122,idi,3.39,3.39,22.7,64.0,4650.0,36,42,10795,6.53375,5.600357142857143,0.8543969245555022,0.9280936454849499,0.9236111111111112,1,0,1,0,1,0
61,0,115,mazda,hatchback,fwd,front,98.8,177.8,66.5,55.5,2425,ohc,four,122,2bbl,3.39,3.39,8.6,84.0,4800.0,26,32,11245,9.04673076923077,7.35046875,0.8543969245555022,0.9280936454849499,0.9236111111111112,1,0,0,1,1,0
62,0,118,mazda,sedan,rwd,front,104.9,175.0,66.1,54.4,2670,ohc,four,140,mpfi,3.76,3.16,8.0,120.0,5000.0,19,27,18280,12.379736842105263,8.711666666666666,0.8409418548774628,0.9096989966555185,0.9180555555555555,1,0,0,1,1,0
63,0,122.0,mazda,sedan,rwd,front,104.9,175.0,66.1,54.4,2700,ohc,four,134,idi,3.43,3.64,22.0,72.0,4200.0,31,39,18344,7.587580645161291,6.031153846153846,0.8409418548774628,0.9096989966555185,0.9180555555555555,1,0,1,0,1,0
64,-1,93,mercedes-benz,sedan,rwd,front,110.0,190.9,70.3,56.5,3515,ohc,five,183,idi,3.58,3.64,21.5,123.0,4350.0,22,25,25552,10.691590909090909,9.4086,0.9173474291206152,0.9448160535117057,0.9763888888888889,1,0,1,0,0,1
65,-1,93,mercedes-benz,wagon,rwd,front,110.0,190.9,70.3,58.7,3750,ohc,five,183,idi,3.58,3.64,21.5,123.0,4350.0,22,25,28248,10.691590909090909,9.4086,0.9173474291206152,0.9816053511705687,0.9763888888888889,1,0,1,0,0,1
66,0,93,mercedes-benz,hardtop,rwd,front,106.7,187.5,70.3,54.9,3495,ohc,five,183,idi,3.58,3.64,21.5,123.0,4350.0,22,25,28176,10.691590909090909,9.4086,0.9010091302258529,0.9180602006688964,0.9763888888888889,0,1,1,0,0,1
67,-1,93,mercedes-benz,sedan,rwd,front,115.6,202.6,71.7,56.3,3770,ohc,five,183,idi,3.58,3.64,21.5,123.0,4350.0,22,25,31600,10.691590909090909,9.4086,0.9735703988467083,0.9414715719063546,0.9958333333333333,1,0,1,0,0,1
68,-1,122.0,mercedes-benz,sedan,rwd,front,115.6,202.6,71.7,56.5,3740,ohcv,eight,234,mpfi,3.46,3.1,8.3,155.0,4750.0,16,18,34184,14.7009375,13.0675,0.9735703988467083,0.9448160535117057,0.9958333333333333,1,0,0,1,1,0
69,3,142,mercedes-benz,convertible,rwd,front,96.6,180.3,70.5,50.8,3685,ohcv,eight,234,mpfi,3.46,3.1,8.3,155.0,4750.0,16,18,35056,14.7009375,13.0675,0.8664103796251803,0.8494983277591973,0.9791666666666666,0,1,0,1,1,0
70,0,122.0,mercedes-benz,sedan,rwd,front,120.9,208.1,71.7,56.7,3900,ohcv,eight,308,mpfi,3.8,3.35,8.0,184.0,4500.0,14,16,40960,16.80107142857143,14.7009375,1.0,0.948160535117057,0.9958333333333333,1,0,0,1,1,0
71,1,122.0,mercedes-benz,hardtop,rwd,front,112.0,199.2,72.0,55.4,3715,ohcv,eight,304,mpfi,3.8,3.35,8.0,184.0,4500.0,14,16,45400,16.80107142857143,14.7009375,0.9572320999519461,0.9264214046822743,1.0,0,1,0,1,1,0
72,1,122.0,mercury,hatchback,rwd,front,102.7,178.4,68.0,54.8,2910,ohc,four,140,mpfi,3.78,3.12,8.0,175.0,5000.0,19,24,16503,12.379736842105263,9.800625,0.857280153772225,0.9163879598662207,0.9444444444444444,0,1,0,1,0,1
73,2,161,mitsubishi,hatchback,fwd,front,93.7,157.3,64.4,50.8,1918,ohc,four,92,2bbl,2.97,3.23,9.4,68.0,5500.0,37,41,5389,6.357162162162163,5.736951219512195,0.7558865929841423,0.8494983277591973,0.8944444444444445,0,1,0,1,1,0
74,2,161,mitsubishi,hatchback,fwd,front,93.7,157.3,64.4,50.8,1944,ohc,four,92,2bbl,2.97,3.23,9.4,68.0,5500.0,31,38,6189,7.587580645161291,6.189868421052632,0.7558865929841423,0.8494983277591973,0.8944444444444445,0,1,0,1,1,0
75,2,161,mitsubishi,hatchback,fwd,front,93.7,157.3,64.4,50.8,2004,ohc,four,92,2bbl,2.97,3.23,9.4,68.0,5500.0,31,38,6669,7.587580645161291,6.189868421052632,0.7558865929841423,0.8494983277591973,0.8944444444444445,0,1,0,1,1,0
76,1,161,mitsubishi,hatchback,fwd,front,93.0,157.3,63.8,50.8,2145,ohc,four,98,spdi,3.03,3.39,7.6,102.0,5500.0,24,30,7689,9.800625,7.8405000000000005,0.7558865929841423,0.8494983277591973,0.8861111111111111,0,1,0,1,0,1
77,3,153,mitsubishi,hatchback,fwd,front,96.3,173.0,65.4,49.4,2370,ohc,four,110,spdi,3.17,3.46,7.5,116.0,5500.0,23,30,9959,10.226739130434783,7.8405000000000005,0.8313310908217203,0.8260869565217391,0.9083333333333334,0,1,0,1,0,1
78,3,153,mitsubishi,hatchback,fwd,front,96.3,173.0,65.4,49.4,2328,ohc,four,122,2bbl,3.35,3.46,8.5,88.0,5000.0,25,32,8499,9.4086,7.35046875,0.8313310908217203,0.8260869565217391,0.9083333333333334,0,1,0,1,1,0
79,3,122.0,mitsubishi,hatchback,fwd,front,95.9,173.2,66.3,50.2,2833,ohc,four,156,spdi,3.58,3.86,7.0,145.0,5000.0,19,24,12629,12.379736842105263,9.800625,0.8322921672272945,0.8394648829431439,0.9208333333333333,0,1,0,1,0,1
80,3,122.0,mitsubishi,hatchback,fwd,front,95.9,173.2,66.3,50.2,2921,ohc,four,156,spdi,3.59,3.86,7.0,145.0,5000.0,19,24,14869,12.379736842105263,9.800625,0.8322921672272945,0.8394648829431439,0.9208333333333333,0,1,0,1,0,1
81,3,122.0,mitsubishi,hatchback,fwd,front,95.9,173.2,66.3,50.2,2926,ohc,four,156,spdi,3.59,3.86,7.0,145.0,5000.0,19,24,14489,12.379736842105263,9.800625,0.8322921672272945,0.8394648829431439,0.9208333333333333,0,1,0,1,0,1
82,1,125,mitsubishi,sedan,fwd,front,96.3,172.4,65.4,51.6,2365,ohc,four,122,2bbl,3.35,3.46,8.5,88.0,5000.0,25,32,6989,9.4086,7.35046875,0.8284478616049976,0.8628762541806021,0.9083333333333334,1,0,0,1,1,0
83,1,125,mitsubishi,sedan,fwd,front,96.3,172.4,65.4,51.6,2405,ohc,four,122,2bbl,3.35,3.46,8.5,88.0,5000.0,25,32,8189,9.4086,7.35046875,0.8284478616049976,0.8628762541806021,0.9083333333333334,1,0,0,1,1,0
84,1,125,mitsubishi,sedan,fwd,front,96.3,172.4,65.4,51.6,2403,ohc,four,110,spdi,3.17,3.46,7.5,116.0,5500.0,23,30,9279,10.226739130434783,7.8405000000000005,0.8284478616049976,0.8628762541806021,0.9083333333333334,1,0,0,1,0,1
85,-1,137,mitsubishi,sedan,fwd,front,96.3,172.4,65.4,51.6,2403,ohc,four,110,spdi,3.17,3.46,7.5,116.0,5500.0,23,30,9279,10.226739130434783,7.8405000000000005,0.8284478616049976,0.8628762541806021,0.9083333333333334,1,0,0,1,1,0
86,1,128,nissan,sedan,fwd,front,94.5,165.3,63.8,54.5,1889,ohc,four,97,2bbl,3.15,3.29,9.4,69.0,5200.0,31,37,5499,7.587580645161291,6.357162162162163,0.794329649207112,0.911371237458194,0.8861111111111111,0,1,0,1,1,0
87,1,128,nissan,sedan,fwd,front,94.5,165.3,63.8,54.5,2017,ohc,four,103,idi,2.99,3.47,21.9,55.0,4800.0,45,50,7099,5.227,4.7043,0.794329649207112,0.911371237458194,0.8861111111111111,0,1,1,0,1,0
88,1,128,nissan,sedan,fwd,front,94.5,165.3,63.8,54.5,1918,ohc,four,97,2bbl,3.15,3.29,9.4,69.0,5200.0,31,37,6649,7.587580645161291,6.357162162162163,0.794329649207112,0.911371237458194,0.8861111111111111,0,1,0,1,1,0
89,1,122,nissan,sedan,fwd,front,94.5,165.3,63.8,54.5,1938,ohc,four,97,2bbl,3.15,3.29,9.4,69.0,5200.0,31,37,6849,7.587580645161291,6.357162162162163,0.794329649207112,0.911371237458194,0.8861111111111111,1,0,0,1,1,0
90,1,103,nissan,wagon,fwd,front,94.5,170.2,63.8,53.5,2024,ohc,four,97,2bbl,3.15,3.29,9.4,69.0,5200.0,31,37,7349,7.587580645161291,6.357162162162163,0.8178760211436809,0.8946488294314382,0.8861111111111111,1,0,0,1,1,0
91,1,128,nissan,sedan,fwd,front,94.5,165.3,63.8,54.5,1951,ohc,four,97,2bbl,3.15,3.29,9.4,69.0,5200.0,31,37,7299,7.587580645161291,6.357162162162163,0.794329649207112,0.911371237458194,0.8861111111111111,0,1,0,1,1,0
92,1,128,nissan,hatchback,fwd,front,94.5,165.6,63.8,53.3,2028,ohc,four,97,2bbl,3.15,3.29,9.4,69.0,5200.0,31,37,7799,7.587580645161291,6.357162162162163,0.7957712638154734,0.8913043478260869,0.8861111111111111,0,1,0,1,1,0
93,1,122,nissan,sedan,fwd,front,94.5,165.3,63.8,54.5,1971,ohc,four,97,2bbl,3.15,3.29,9.4,69.0,5200.0,31,37,7499,7.587580645161291,6.357162162162163,0.794329649207112,0.911371237458194,0.8861111111111111,1,0,0,1,1,0
94,1,103,nissan,wagon,fwd,front,94.5,170.2,63.8,53.5,2037,ohc,four,97,2bbl,3.15,3.29,9.4,69.0,5200.0,31,37,7999,7.587580645161291,6.357162162162163,0.8178760211436809,0.8946488294314382,0.8861111111111111,1,0,0,1,1,0
95,2,168,nissan,hardtop,fwd,front,95.1,162.4,63.8,53.3,2008,ohc,four,97,2bbl,3.15,3.29,9.4,69.0,5200.0,31,37,8249,7.587580645161291,6.357162162162163,0.7803940413262855,0.8913043478260869,0.8861111111111111,0,1,0,1,1,0
96,0,106,nissan,hatchback,fwd,front,97.2,173.4,65.2,54.7,2324,ohc,four,120,2bbl,3.33,3.47,8.5,97.0,5200.0,27,34,8949,8.711666666666666,6.9180882352941175,0.8332532436328689,0.9147157190635452,0.9055555555555556,1,0,0,1,1,0
97,0,106,nissan,sedan,fwd,front,97.2,173.4,65.2,54.7,2302,ohc,four,120,2bbl,3.33,3.47,8.5,97.0,5200.0,27,34,9549,8.711666666666666,6.9180882352941175,0.8332532436328689,0.9147157190635452,0.9055555555555556,1,0,0,1,1,0
98,0,128,nissan,sedan,fwd,front,100.4,181.7,66.5,55.1,3095,ohcv,six,181,mpfi,3.43,3.27,9.0,152.0,5200.0,17,22,13499,13.836176470588235,10.691590909090909,0.8731379144641999,0.9214046822742475,0.9236111111111112,1,0,0,1,1,0
99,0,108,nissan,wagon,fwd,front,100.4,184.6,66.5,56.1,3296,ohcv,six,181,mpfi,3.43,3.27,9.0,152.0,5200.0,17,22,14399,13.836176470588235,10.691590909090909,0.8870735223450265,0.9381270903010034,0.9236111111111112,1,0,0,1,1,0
100,0,108,nissan,sedan,fwd,front,100.4,184.6,66.5,55.1,3060,ohcv,six,181,mpfi,3.43,3.27,9.0,152.0,5200.0,19,25,13499,12.379736842105263,9.4086,0.8870735223450265,0.9214046822742475,0.9236111111111112,1,0,0,1,1,0
101,3,194,nissan,hatchback,rwd,front,91.3,170.7,67.9,49.7,3071,ohcv,six,181,mpfi,3.43,3.27,9.0,160.0,5200.0,19,25,17199,12.379736842105263,9.4086,0.8202787121576165,0.831103678929766,0.9430555555555556,0,1,0,1,1,0
102,3,194,nissan,hatchback,rwd,front,91.3,170.7,67.9,49.7,3139,ohcv,six,181,mpfi,3.43,3.27,7.8,200.0,5200.0,17,23,19699,13.836176470588235,10.226739130434783,0.8202787121576165,0.831103678929766,0.9430555555555556,0,1,0,1,0,1
103,1,231,nissan,hatchback,rwd,front,99.2,178.5,67.9,49.7,3139,ohcv,six,181,mpfi,3.43,3.27,9.0,160.0,5200.0,19,25,18399,12.379736842105263,9.4086,0.857760691975012,0.831103678929766,0.9430555555555556,0,1,0,1,1,0
104,0,161,peugot,sedan,rwd,front,107.9,186.7,68.4,56.7,3020,l,four,120,mpfi,3.46,3.19,8.4,97.0,5000.0,19,24,11900,12.379736842105263,9.800625,0.897164824603556,0.948160535117057,0.9500000000000001,1,0,0,1,1,0
105,0,161,peugot,sedan,rwd,front,107.9,186.7,68.4,56.7,3197,l,four,152,idi,3.7,3.52,21.0,95.0,4150.0,28,33,13200,8.400535714285715,7.127727272727273,0.897164824603556,0.948160535117057,0.9500000000000001,1,0,1,0,0,1
106,0,122.0,peugot,wagon,rwd,front,114.2,198.9,68.4,58.7,3230,l,four,120,mpfi,3.46,3.19,8.4,97.0,5000.0,19,24,12440,12.379736842105263,9.800625,0.9557904853435849,0.9816053511705687,0.9500000000000001,1,0,0,1,1,0
107,0,122.0,peugot,wagon,rwd,front,114.2,198.9,68.4,58.7,3430,l,four,152,idi,3.7,3.52,21.0,95.0,4150.0,25,25,13860,9.4086,9.4086,0.9557904853435849,0.9816053511705687,0.9500000000000001,1,0,1,0,0,1
108,0,161,peugot,sedan,rwd,front,107.9,186.7,68.4,56.7,3075,l,four,120,mpfi,3.46,2.19,8.4,95.0,5000.0,19,24,15580,12.379736842105263,9.800625,0.897164824603556,0.948160535117057,0.9500000000000001,1,0,0,1,1,0
109,0,161,peugot,sedan,rwd,front,107.9,186.7,68.4,56.7,3252,l,four,152,idi,3.7,3.52,21.0,95.0,4150.0,28,33,16900,8.400535714285715,7.127727272727273,0.897164824603556,0.948160535117057,0.9500000000000001,1,0,1,0,0,1
110,0,122.0,peugot,wagon,rwd,front,114.2,198.9,68.4,56.7,3285,l,four,120,mpfi,3.46,2.19,8.4,95.0,5000.0,19,24,16695,12.379736842105263,9.800625,0.9557904853435849,0.948160535117057,0.9500000000000001,1,0,0,1,1,0
111,0,122.0,peugot,wagon,rwd,front,114.2,198.9,68.4,58.7,3485,l,four,152,idi,3.7,3.52,21.0,95.0,4150.0,25,25,17075,9.4086,9.4086,0.9557904853435849,0.9816053511705687,0.9500000000000001,1,0,1,0,0,1
112,0,161,peugot,sedan,rwd,front,107.9,186.7,68.4,56.7,3075,l,four,120,mpfi,3.46,3.19,8.4,97.0,5000.0,19,24,16630,12.379736842105263,9.800625,0.897164824603556,0.948160535117057,0.9500000000000001,1,0,0,1,1,0
113,0,161,peugot,sedan,rwd,front,107.9,186.7,68.4,56.7,3252,l,four,152,idi,3.7,3.52,21.0,95.0,4150.0,28,33,17950,8.400535714285715,7.127727272727273,0.897164824603556,0.948160535117057,0.9500000000000001,1,0,1,0,0,1
114,0,161,peugot,sedan,rwd,front,108.0,186.7,68.3,56.0,3130,l,four,134,mpfi,3.61,3.21,7.0,142.0,5600.0,18,24,18150,13.0675,9.800625,0.897164824603556,0.9364548494983278,0.9486111111111111,1,0,0,1,0,1
115,1,119,plymouth,hatchback,fwd,front,93.7,157.3,63.8,50.8,1918,ohc,four,90,2bbl,2.97,3.23,9.4,68.0,5500.0,37,41,5572,6.357162162162163,5.736951219512195,0.7558865929841423,0.8494983277591973,0.8861111111111111,0,1,0,1,1,0
116,1,119,plymouth,hatchback,fwd,front,93.7,157.3,63.8,50.8,2128,ohc,four,98,spdi,3.03,3.39,7.6,102.0,5500.0,24,30,7957,9.800625,7.8405000000000005,0.7558865929841423,0.8494983277591973,0.8861111111111111,0,1,0,1,0,1
117,1,154,plymouth,hatchback,fwd,front,93.7,157.3,63.8,50.6,1967,ohc,four,90,2bbl,2.97,3.23,9.4,68.0,5500.0,31,38,6229,7.587580645161291,6.189868421052632,0.7558865929841423,0.8461538461538463,0.8861111111111111,1,0,0,1,1,0
118,1,154,plymouth,sedan,fwd,front,93.7,167.3,63.8,50.8,1989,ohc,four,90,2bbl,2.97,3.23,9.4,68.0,5500.0,31,38,6692,7.587580645161291,6.189868421052632,0.8039404132628545,0.8494983277591973,0.8861111111111111,1,0,0,1,1,0
119,1,154,plymouth,sedan,fwd,front,93.7,167.3,63.8,50.8,2191,ohc,four,98,2bbl,2.97,3.23,9.4,68.0,5500.0,31,38,7609,7.587580645161291,6.189868421052632,0.8039404132628545,0.8494983277591973,0.8861111111111111,1,0,0,1,1,0
120,-1,74,plymouth,wagon,fwd,front,103.3,174.6,64.6,59.8,2535,ohc,four,122,2bbl,3.35,3.46,8.5,88.0,5000.0,24,30,8921,9.800625,7.8405000000000005,0.8390197020663143,1.0,0.8972222222222221,1,0,0,1,1,0
121,3,122.0,plymouth,hatchback,rwd,front,95.9,173.2,66.3,50.2,2818,ohc,four,156,spdi,3.59,3.86,7.0,145.0,5000.0,19,24,12764,12.379736842105263,9.800625,0.8322921672272945,0.8394648829431439,0.9208333333333333,0,1,0,1,0,1
122,3,186,porsche,hatchback,rwd,front,94.5,168.9,68.3,50.2,2778,ohc,four,151,mpfi,3.94,3.11,9.5,143.0,5500.0,19,27,22018,12.379736842105263,8.711666666666666,0.8116290245074483,0.8394648829431439,0.9486111111111111,0,1,0,1,1,0
123,3,122.0,porsche,hardtop,rwd,rear,89.5,168.9,65.0,51.6,2756,ohcf,six,194,mpfi,3.74,2.9,9.5,207.0,5900.0,17,25,32528,13.836176470588235,9.4086,0.8116290245074483,0.8628762541806021,0.9027777777777778,0,1,0,1,1,0
124,3,122.0,porsche,hardtop,rwd,rear,89.5,168.9,65.0,51.6,2756,ohcf,six,194,mpfi,3.74,2.9,9.5,207.0,5900.0,17,25,34028,13.836176470588235,9.4086,0.8116290245074483,0.8628762541806021,0.9027777777777778,0,1,0,1,1,0
125,3,122.0,porsche,convertible,rwd,rear,89.5,168.9,65.0,51.6,2800,ohcf,six,194,mpfi,3.74,2.9,9.5,207.0,5900.0,17,25,37028,13.836176470588235,9.4086,0.8116290245074483,0.8628762541806021,0.9027777777777778,0,1,0,1,1,0
126,0,122.0,renault,wagon,fwd,front,96.1,181.5,66.5,55.2,2579,ohc,four,132,mpfi,3.46,3.9,8.7,104.25615763546799,5125.369458128079,23,31,9295,10.226739130434783,7.587580645161291,0.8721768380586257,0.9230769230769231,0.9236111111111112,1,0,0,1,1,0
127,2,122.0,renault,hatchback,fwd,front,96.1,176.8,66.6,50.5,2460,ohc,four,132,mpfi,3.46,3.9,8.7,104.25615763546799,5125.369458128079,23,31,9895,10.226739130434783,7.587580645161291,0.849591542527631,0.8444816053511706,0.9249999999999999,0,1,0,1,1,0
128,3,150,saab,hatchback,fwd,front,99.1,186.6,66.5,56.1,2658,ohc,four,121,mpfi,3.54,3.07,9.31,110.0,5250.0,21,28,11850,11.200714285714286,8.400535714285715,0.8966842864007688,0.9381270903010034,0.9236111111111112,0,1,0,1,1,0
129,2,104,saab,sedan,fwd,front,99.1,186.6,66.5,56.1,2695,ohc,four,121,mpfi,3.54,3.07,9.3,110.0,5250.0,21,28,12170,11.200714285714286,8.400535714285715,0.8966842864007688,0.9381270903010034,0.9236111111111112,1,0,0,1,1,0
130,3,150,saab,hatchback,fwd,front,99.1,186.6,66.5,56.1,2707,ohc,four,121,mpfi,2.54,2.07,9.3,110.0,5250.0,21,28,15040,11.200714285714286,8.400535714285715,0.8966842864007688,0.9381270903010034,0.9236111111111112,0,1,0,1,1,0
131,2,104,saab,sedan,fwd,front,99.1,186.6,66.5,56.1,2758,ohc,four,121,mpfi,3.54,3.07,9.3,110.0,5250.0,21,28,15510,11.200714285714286,8.400535714285715,0.8966842864007688,0.9381270903010034,0.9236111111111112,1,0,0,1,1,0
132,3,150,saab,hatchback,fwd,front,99.1,186.6,66.5,56.1,2808,dohc,four,121,mpfi,3.54,3.07,9.0,160.0,5500.0,19,26,18150,12.379736842105263,9.04673076923077,0.8966842864007688,0.9381270903010034,0.9236111111111112,0,1,0,1,0,1
133,2,104,saab,sedan,fwd,front,99.1,186.6,66.5,56.1,2847,dohc,four,121,mpfi,3.54,3.07,9.0,160.0,5500.0,19,26,18620,12.379736842105263,9.04673076923077,0.8966842864007688,0.9381270903010034,0.9236111111111112,1,0,0,1,0,1
134,2,83,subaru,hatchback,fwd,front,93.7,156.9,63.4,53.7,2050,ohcf,four,97,2bbl,3.62,2.36,9.0,69.0,4900.0,31,36,5118,7.587580645161291,6.53375,0.7539644401729938,0.8979933110367894,0.8805555555555555,0,1,0,1,1,0
135,2,83,subaru,hatchback,fwd,front,93.7,157.9,63.6,53.7,2120,ohcf,four,108,2bbl,3.62,2.64,8.7,73.0,4400.0,26,31,7053,9.04673076923077,7.587580645161291,0.758769822200865,0.8979933110367894,0.8833333333333333,0,1,0,1,1,0
136,2,83,subaru,hatchback,4wd,front,93.3,157.3,63.8,55.7,2240,ohcf,four,108,2bbl,3.62,2.64,8.7,73.0,4400.0,26,31,7603,9.04673076923077,7.587580645161291,0.7558865929841423,0.931438127090301,0.8861111111111111,0,1,0,1,1,0
137,0,102,subaru,sedan,fwd,front,97.2,172.0,65.4,52.5,2145,ohcf,four,108,2bbl,3.62,2.64,9.5,82.0,4800.0,32,37,7126,7.35046875,6.357162162162163,0.8265257087938491,0.8779264214046824,0.9083333333333334,1,0,0,1,1,0
138,0,102,subaru,sedan,fwd,front,97.2,172.0,65.4,52.5,2190,ohcf,four,108,2bbl,3.62,2.64,9.5,82.0,4400.0,28,33,7775,8.400535714285715,7.127727272727273,0.8265257087938491,0.8779264214046824,0.9083333333333334,1,0,0,1,1,0
139,0,102,subaru,sedan,fwd,front,97.2,172.0,65.4,52.5,2340,ohcf,four,108,mpfi,3.62,2.64,9.0,94.0,5200.0,26,32,9960,9.04673076923077,7.35046875,0.8265257087938491,0.8779264214046824,0.9083333333333334,1,0,0,1,1,0
140,0,102,subaru,sedan,4wd,front,97.0,172.0,65.4,54.3,2385,ohcf,four,108,2bbl,3.62,2.64,9.0,82.0,4800.0,24,25,9233,9.800625,9.4086,0.8265257087938491,0.9080267558528428,0.9083333333333334,1,0,0,1,1,0
141,0,102,subaru,sedan,4wd,front,97.0,172.0,65.4,54.3,2510,ohcf,four,108,mpfi,3.62,2.64,7.7,111.0,4800.0,24,29,11259,9.800625,8.110862068965517,0.8265257087938491,0.9080267558528428,0.9083333333333334,1,0,0,1,0,1
142,0,89,subaru,wagon,fwd,front,97.0,173.5,65.4,53.0,2290,ohcf,four,108,2bbl,3.62,2.64,9.0,82.0,4800.0,28,32,7463,8.400535714285715,7.35046875,0.8337337818356559,0.8862876254180603,0.9083333333333334,1,0,0,1,1,0
143,0,89,subaru,wagon,fwd,front,97.0,173.5,65.4,53.0,2455,ohcf,four,108,mpfi,3.62,2.64,9.0,94.0,5200.0,25,31,10198,9.4086,7.587580645161291,0.8337337818356559,0.8862876254180603,0.9083333333333334,1,0,0,1,1,0
144,0,85,subaru,wagon,4wd,front,96.9,173.6,65.4,54.9,2420,ohcf,four,108,2bbl,3.62,2.64,9.0,82.0,4800.0,23,29,8013,10.226739130434783,8.110862068965517,0.8342143200384431,0.9180602006688964,0.9083333333333334,1,0,0,1,1,0
145,0,85,subaru,wagon,4wd,front,96.9,173.6,65.4,54.9,2650,ohcf,four,108,mpfi,3.62,2.64,7.7,111.0,4800.0,23,23,11694,10.226739130434783,10.226739130434783,0.8342143200384431,0.9180602006688964,0.9083333333333334,1,0,0,1,0,1
146,1,87,toyota,hatchback,fwd,front,95.7,158.7,63.6,54.5,1985,ohc,four,92,2bbl,3.05,3.03,9.0,62.0,4800.0,35,39,5348,6.720428571428571,6.031153846153846,0.762614127823162,0.911371237458194,0.8833333333333333,0,1,0,1,1,0
147,1,87,toyota,hatchback,fwd,front,95.7,158.7,63.6,54.5,2040,ohc,four,92,2bbl,3.05,3.03,9.0,62.0,4800.0,31,38,6338,7.587580645161291,6.189868421052632,0.762614127823162,0.911371237458194,0.8833333333333333,0,1,0,1,1,0
148,1,74,toyota,hatchback,fwd,front,95.7,158.7,63.6,54.5,2015,ohc,four,92,2bbl,3.05,3.03,9.0,62.0,4800.0,31,38,6488,7.587580645161291,6.189868421052632,0.762614127823162,0.911371237458194,0.8833333333333333,1,0,0,1,1,0
149,0,77,toyota,wagon,fwd,front,95.7,169.7,63.6,59.1,2280,ohc,four,92,2bbl,3.05,3.03,9.0,62.0,4800.0,31,37,6918,7.587580645161291,6.357162162162163,0.8154733301297453,0.988294314381271,0.8833333333333333,1,0,0,1,1,0
150,0,81,toyota,wagon,4wd,front,95.7,169.7,63.6,59.1,2290,ohc,four,92,2bbl,3.05,3.03,9.0,62.0,4800.0,27,32,7898,8.711666666666666,7.35046875,0.8154733301297453,0.988294314381271,0.8833333333333333,1,0,0,1,1,0
151,0,91,toyota,wagon,4wd,front,95.7,169.7,63.6,59.1,3110,ohc,four,92,2bbl,3.05,3.03,9.0,62.0,4800.0,27,32,8778,8.711666666666666,7.35046875,0.8154733301297453,0.988294314381271,0.8833333333333333,1,0,0,1,1,0
152,0,91,toyota,sedan,fwd,front,95.7,166.3,64.4,53.0,2081,ohc,four,98,2bbl,3.19,3.03,9.0,70.0,4800.0,30,37,6938,7.8405000000000005,6.357162162162163,0.7991350312349833,0.8862876254180603,0.8944444444444445,1,0,0,1,1,0
153,0,91,toyota,hatchback,fwd,front,95.7,166.3,64.4,52.8,2109,ohc,four,98,2bbl,3.19,3.03,9.0,70.0,4800.0,30,37,7198,7.8405000000000005,6.357162162162163,0.7991350312349833,0.882943143812709,0.8944444444444445,1,0,0,1,1,0
154,0,91,toyota,sedan,fwd,front,95.7,166.3,64.4,53.0,2275,ohc,four,110,idi,3.27,3.35,22.5,56.0,4500.0,34,36,7898,6.9180882352941175,6.53375,0.7991350312349833,0.8862876254180603,0.8944444444444445,1,0,1,0,1,0
155,0,91,toyota,hatchback,fwd,front,95.7,166.3,64.4,52.8,2275,ohc,four,110,idi,3.27,3.35,22.5,56.0,4500.0,38,47,7788,6.189868421052632,5.0045744680851065,0.7991350312349833,0.882943143812709,0.8944444444444445,1,0,1,0,1,0
156,0,91,toyota,sedan,fwd,front,95.7,166.3,64.4,53.0,2094,ohc,four,98,2bbl,3.19,3.03,9.0,70.0,4800.0,38,47,7738,6.189868421052632,5.0045744680851065,0.7991350312349833,0.8862876254180603,0.8944444444444445,1,0,0,1,1,0
157,0,91,toyota,hatchback,fwd,front,95.7,166.3,64.4,52.8,2122,ohc,four,98,2bbl,3.19,3.03,9.0,70.0,4800.0,28,34,8358,8.400535714285715,6.9180882352941175,0.7991350312349833,0.882943143812709,0.8944444444444445,1,0,0,1,1,0
158,0,91,toyota,sedan,fwd,front,95.7,166.3,64.4,52.8,2140,ohc,four,98,2bbl,3.19,3.03,9.0,70.0,4800.0,28,34,9258,8.400535714285715,6.9180882352941175,0.7991350312349833,0.882943143812709,0.8944444444444445,1,0,0,1,1,0
159,1,168,toyota,sedan,rwd,front,94.5,168.7,64.0,52.6,2169,ohc,four,98,2bbl,3.19,3.03,9.0,70.0,4800.0,29,34,8058,8.110862068965517,6.9180882352941175,0.810667948101874,0.8795986622073579,0.8888888888888888,0,1,0,1,1,0
160,1,168,toyota,hatchback,rwd,front,94.5,168.7,64.0,52.6,2204,ohc,four,98,2bbl,3.19,3.03,9.0,70.0,4800.0,29,34,8238,8.110862068965517,6.9180882352941175,0.810667948101874,0.8795986622073579,0.8888888888888888,0,1,0,1,1,0
161,1,168,toyota,sedan,rwd,front,94.5,168.7,64.0,52.6,2265,dohc,four,98,mpfi,3.24,3.08,9.4,112.0,6600.0,26,29,9298,9.04673076923077,8.110862068965517,0.810667948101874,0.8795986622073579,0.8888888888888888,0,1,0,1,1,0
162,1,168,toyota,hatchback,rwd,front,94.5,168.7,64.0,52.6,2300,dohc,four,98,mpfi,3.24,3.08,9.4,112.0,6600.0,26,29,9538,9.04673076923077,8.110862068965517,0.810667948101874,0.8795986622073579,0.8888888888888888,0,1,0,1,1,0
163,2,134,toyota,hardtop,rwd,front,98.4,176.2,65.6,52.0,2540,ohc,four,146,mpfi,3.62,3.5,9.3,116.0,4800.0,24,30,8449,9.800625,7.8405000000000005,0.8467083133109082,0.8695652173913044,0.911111111111111,0,1,0,1,1,0
164,2,134,toyota,hardtop,rwd,front,98.4,176.2,65.6,52.0,2536,ohc,four,146,mpfi,3.62,3.5,9.3,116.0,4800.0,24,30,9639,9.800625,7.8405000000000005,0.8467083133109082,0.8695652173913044,0.911111111111111,0,1,0,1,1,0
165,2,134,toyota,hatchback,rwd,front,98.4,176.2,65.6,52.0,2551,ohc,four,146,mpfi,3.62,3.5,9.3,116.0,4800.0,24,30,9989,9.800625,7.8405000000000005,0.8467083133109082,0.8695652173913044,0.911111111111111,0,1,0,1,1,0
166,2,134,toyota,hardtop,rwd,front,98.4,176.2,65.6,52.0,2679,ohc,four,146,mpfi,3.62,3.5,9.3,116.0,4800.0,24,30,11199,9.800625,7.8405000000000005,0.8467083133109082,0.8695652173913044,0.911111111111111,0,1,0,1,1,0
167,2,134,toyota,hatchback,rwd,front,98.4,176.2,65.6,52.0,2714,ohc,four,146,mpfi,3.62,3.5,9.3,116.0,4800.0,24,30,11549,9.800625,7.8405000000000005,0.8467083133109082,0.8695652173913044,0.911111111111111,0,1,0,1,1,0
168,2,134,toyota,convertible,rwd,front,98.4,176.2,65.6,53.0,2975,ohc,four,146,mpfi,3.62,3.5,9.3,116.0,4800.0,24,30,17669,9.800625,7.8405000000000005,0.8467083133109082,0.8862876254180603,0.911111111111111,0,1,0,1,1,0
169,-1,65,toyota,sedan,fwd,front,102.4,175.6,66.5,54.9,2326,ohc,four,122,mpfi,3.31,3.54,8.7,92.0,4200.0,29,34,8948,8.110862068965517,6.9180882352941175,0.8438250840941854,0.9180602006688964,0.9236111111111112,1,0,0,1,1,0
170,-1,65,toyota,sedan,fwd,front,102.4,175.6,66.5,54.9,2480,ohc,four,110,idi,3.27,3.35,22.5,73.0,4500.0,30,33,10698,7.8405000000000005,7.127727272727273,0.8438250840941854,0.9180602006688964,0.9236111111111112,1,0,1,0,0,1
171,-1,65,toyota,hatchback,fwd,front,102.4,175.6,66.5,53.9,2414,ohc,four,122,mpfi,3.31,3.54,8.7,92.0,4200.0,27,32,9988,8.711666666666666,7.35046875,0.8438250840941854,0.9013377926421405,0.9236111111111112,1,0,0,1,1,0
172,-1,65,toyota,sedan,fwd,front,102.4,175.6,66.5,54.9,2414,ohc,four,122,mpfi,3.31,3.54,8.7,92.0,4200.0,27,32,10898,8.711666666666666,7.35046875,0.8438250840941854,0.9180602006688964,0.9236111111111112,1,0,0,1,1,0
173,-1,65,toyota,hatchback,fwd,front,102.4,175.6,66.5,53.9,2458,ohc,four,122,mpfi,3.31,3.54,8.7,92.0,4200.0,27,32,11248,8.711666666666666,7.35046875,0.8438250840941854,0.9013377926421405,0.9236111111111112,1,0,0,1,1,0
174,3,197,toyota,hatchback,rwd,front,102.9,183.5,67.7,52.0,2976,dohc,six,171,mpfi,3.27,3.35,9.3,161.0,5200.0,20,24,16558,11.76075,9.800625,0.8817876021143681,0.8695652173913044,0.9402777777777778,0,1,0,1,1,0
175,3,197,toyota,hatchback,rwd,front,102.9,183.5,67.7,52.0,3016,dohc,six,171,mpfi,3.27,3.35,9.3,161.0,5200.0,19,24,15998,12.379736842105263,9.800625,0.8817876021143681,0.8695652173913044,0.9402777777777778,0,1,0,1,1,0
176,-1,90,toyota,sedan,rwd,front,104.5,187.8,66.5,54.1,3131,dohc,six,171,mpfi,3.27,3.35,9.2,156.0,5200.0,20,24,15690,11.76075,9.800625,0.9024507448342144,0.9046822742474917,0.9236111111111112,1,0,0,1,1,0
177,-1,122.0,toyota,wagon,rwd,front,104.5,187.8,66.5,54.1,3151,dohc,six,161,mpfi,3.27,3.35,9.2,156.0,5200.0,19,24,15750,12.379736842105263,9.800625,0.9024507448342144,0.9046822742474917,0.9236111111111112,1,0,0,1,1,0
178,2,122,volkswagen,sedan,fwd,front,97.3,171.7,65.5,55.7,2261,ohc,four,97,idi,3.01,3.4,23.0,52.0,4800.0,37,46,7775,6.357162162162163,5.113369565217392,0.8250840941854877,0.931438127090301,0.9097222222222222,0,1,1,0,1,0
179,2,122,volkswagen,sedan,fwd,front,97.3,171.7,65.5,55.7,2209,ohc,four,109,mpfi,3.19,3.4,9.0,85.0,5250.0,27,34,7975,8.711666666666666,6.9180882352941175,0.8250840941854877,0.931438127090301,0.9097222222222222,0,1,0,1,1,0
180,2,94,volkswagen,sedan,fwd,front,97.3,171.7,65.5,55.7,2264,ohc,four,97,idi,3.01,3.4,23.0,52.0,4800.0,37,46,7995,6.357162162162163,5.113369565217392,0.8250840941854877,0.931438127090301,0.9097222222222222,1,0,1,0,1,0
181,2,94,volkswagen,sedan,fwd,front,97.3,171.7,65.5,55.7,2212,ohc,four,109,mpfi,3.19,3.4,9.0,85.0,5250.0,27,34,8195,8.711666666666666,6.9180882352941175,0.8250840941854877,0.931438127090301,0.9097222222222222,1,0,0,1,1,0
182,2,94,volkswagen,sedan,fwd,front,97.3,171.7,65.5,55.7,2275,ohc,four,109,mpfi,3.19,3.4,9.0,85.0,5250.0,27,34,8495,8.711666666666666,6.9180882352941175,0.8250840941854877,0.931438127090301,0.9097222222222222,1,0,0,1,1,0
183,2,94,volkswagen,sedan,fwd,front,97.3,171.7,65.5,55.7,2319,ohc,four,97,idi,3.01,3.4,23.0,68.0,4500.0,37,42,9495,6.357162162162163,5.600357142857143,0.8250840941854877,0.931438127090301,0.9097222222222222,1,0,1,0,0,1
184,2,94,volkswagen,sedan,fwd,front,97.3,171.7,65.5,55.7,2300,ohc,four,109,mpfi,3.19,3.4,10.0,100.0,5500.0,26,32,9995,9.04673076923077,7.35046875,0.8250840941854877,0.931438127090301,0.9097222222222222,1,0,0,1,1,0
185,3,122.0,volkswagen,convertible,fwd,front,94.5,159.3,64.2,55.6,2254,ohc,four,109,mpfi,3.19,3.4,8.5,90.0,5500.0,24,29,11595,9.800625,8.110862068965517,0.7654973570398848,0.9297658862876255,0.8916666666666667,0,1,0,1,1,0
186,3,256,volkswagen,hatchback,fwd,front,94.5,165.7,64.0,51.4,2221,ohc,four,109,mpfi,3.19,3.4,8.5,90.0,5500.0,24,29,9980,9.800625,8.110862068965517,0.7962518020182604,0.8595317725752508,0.8888888888888888,0,1,0,1,1,0
187,0,122.0,volkswagen,sedan,fwd,front,100.4,180.2,66.9,55.1,2661,ohc,five,136,mpfi,3.19,3.4,8.5,110.0,5500.0,19,24,13295,12.379736842105263,9.800625,0.865929841422393,0.9214046822742475,0.9291666666666667,1,0,0,1,1,0
188,0,122.0,volkswagen,sedan,fwd,front,100.4,180.2,66.9,55.1,2579,ohc,four,97,idi,3.01,3.4,23.0,68.0,4500.0,33,38,13845,7.127727272727273,6.189868421052632,0.865929841422393,0.9214046822742475,0.9291666666666667,1,0,1,0,0,1
189,0,122.0,volkswagen,wagon,fwd,front,100.4,183.1,66.9,55.1,2563,ohc,four,109,mpfi,3.19,3.4,9.0,88.0,5500.0,25,31,12290,9.4086,7.587580645161291,0.8798654493032196,0.9214046822742475,0.9291666666666667,1,0,0,1,1,0
190,-2,103,volvo,sedan,rwd,front,104.3,188.8,67.2,56.2,2912,ohc,four,141,mpfi,3.78,3.15,9.5,114.0,5400.0,23,28,12940,10.226739130434783,8.400535714285715,0.9072561268620856,0.939799331103679,0.9333333333333333,1,0,0,1,1,0
191,-1,74,volvo,wagon,rwd,front,104.3,188.8,67.2,57.5,3034,ohc,four,141,mpfi,3.78,3.15,9.5,114.0,5400.0,23,28,13415,10.226739130434783,8.400535714285715,0.9072561268620856,0.9615384615384616,0.9333333333333333,1,0,0,1,1,0
192,-2,103,volvo,sedan,rwd,front,104.3,188.8,67.2,56.2,2935,ohc,four,141,mpfi,3.78,3.15,9.5,114.0,5400.0,24,28,15985,9.800625,8.400535714285715,0.9072561268620856,0.939799331103679,0.9333333333333333,1,0,0,1,1,0
193,-1,74,volvo,wagon,rwd,front,104.3,188.8,67.2,57.5,3042,ohc,four,141,mpfi,3.78,3.15,9.5,114.0,5400.0,24,28,16515,9.800625,8.400535714285715,0.9072561268620856,0.9615384615384616,0.9333333333333333,1,0,0,1,1,0
194,-2,103,volvo,sedan,rwd,front,104.3,188.8,67.2,56.2,3045,ohc,four,130,mpfi,3.62,3.15,7.5,162.0,5100.0,17,22,18420,13.836176470588235,10.691590909090909,0.9072561268620856,0.939799331103679,0.9333333333333333,1,0,0,1,0,1
195,-1,74,volvo,wagon,rwd,front,104.3,188.8,67.2,57.5,3157,ohc,four,130,mpfi,3.62,3.15,7.5,162.0,5100.0,17,22,18950,13.836176470588235,10.691590909090909,0.9072561268620856,0.9615384615384616,0.9333333333333333,1,0,0,1,0,1
196,-1,95,volvo,sedan,rwd,front,109.1,188.8,68.9,55.5,2952,ohc,four,141,mpfi,3.78,3.15,9.5,114.0,5400.0,23,28,16845,10.226739130434783,8.400535714285715,0.9072561268620856,0.9280936454849499,0.9569444444444445,1,0,0,1,1,0
197,-1,95,volvo,sedan,rwd,front,109.1,188.8,68.8,55.5,3049,ohc,four,141,mpfi,3.78,3.15,8.7,160.0,5300.0,19,25,19045,12.379736842105263,9.4086,0.9072561268620856,0.9280936454849499,0.9555555555555555,1,0,0,1,0,1
198,-1,95,volvo,sedan,rwd,front,109.1,188.8,68.9,55.5,3012,ohcv,six,173,mpfi,3.58,2.87,8.8,134.0,5500.0,18,23,21485,13.0675,10.226739130434783,0.9072561268620856,0.9280936454849499,0.9569444444444445,1,0,0,1,1,0
199,-1,95,volvo,sedan,rwd,front,109.1,188.8,68.9,55.5,3217,ohc,six,145,idi,3.01,3.4,23.0,106.0,4800.0,26,27,22470,9.04673076923077,8.711666666666666,0.9072561268620856,0.9280936454849499,0.9569444444444445,1,0,1,0,0,1
200,-1,95,volvo,sedan,rwd,front,109.1,188.8,68.9,55.5,3062,ohc,four,141,mpfi,3.78,3.15,9.5,114.0,5400.0,19,25,22625,12.379736842105263,9.4086,0.9072561268620856,0.9280936454849499,0.9569444444444445,1,0,0,1,0,1
